date,confirm_add,confirm,heal,dead
03.21,2,2,0,0
03.22,1,3,0,0
03.23,2,2,0,1
03.24,1,3,0,1
03.25,1,3,0,1
03.26,0,3,0,1
03.27,2,5,0,1
03.28,2,7,0,1
03.29,0,7,0,1
03.30,0,7,0,1
03.31,1,8,0,1
04.01,0,8,0,1
04.02,0,8,0,1
04.03,1,9,0,1
04.04,0,9,0,1
04.05,0,9,0,1
04.06,0,9,0,1
04.07,1,10,0,1
04.08,1,11,0,2
04.09,0,11,0,3
04.10,0,11,0,3
04.11,2,13,0,3
04.12,1,14,0,3
04.13,0,14,0,3
04.14,3,17,0,3
04.15,1,18,1,3
04.16,5,23,1,3
04.17,1,24,2,3
04.18,0,24,2,3
04.19,1,25,2,3
04.20,0,25,2,3
04.21,0,25,2,3
04.22,3,28,2,3
04.23,0,28,2,4
04.24,1,29,2,4
04.25,0,29,2,4
04.26,2,31,2,4
04.27,0,31,5,4
04.28,1,32,5,4
04.29,0,32,5,4
04.30,8,40,5,4
05.01,0,40,5,4
05.02,-6,34,5,4
05.03,0,34,5,4
05.04,0,34,5,4
05.05,0,34,5,4
05.06,0,34,5,4
05.07,0,34,5,4
05.08,0,34,5,4
05.09,1,35,9,4
05.10,1,36,9,4
05.11,0,36,9,4
05.12,0,36,9,4
05.13,1,37,12,4
05.14,0,37,12,4
05.15,0,37,13,4
05.16,5,42,13,4
05.17,2,44,17,4
05.18,0,44,17,4
05.19,2,46,18,4
05.20,0,46,18,4
05.21,2,48,18,4
05.22,3,51,18,4
05.23,0,51,18,4
05.24,5,56,23,4
05.25,0,56,25,4
05.26,0,56,25,4
05.27,0,56,25,4
05.28,76,132,25,4
05.29,17,149,28,4
05.30,11,160,29,4
05.31,14,174,29,4
06.01,4,178,29,4
06.02,25,203,29,4
06.03,3,206,29,4
06.04,16,222,29,4
06.05,15,237,31,4
06.06,28,265,33,4
06.07,14,279,33,4
06.08,3,282,34,4
06.09,5,287,46,4
06.10,27,314,46,4
06.11,6,320,49,4
06.12,12,332,51,4
06.13,11,343,51,4
06.14,13,356,54,4
06.15,27,383,54,4
06.16,4,387,54,4
06.17,4,391,62,4
06.18,10,401,63,4
06.19,62,463,63,4
06.20,16,479,63,4
06.21,0,479,63,4
06.22,10,489,64,6
06.23,23,512,64,6
06.24,13,525,64,6
06.25,5,530,123,6
06.26,21,551,128,6
06.27,10,561,135,6
06.28,6,567,142,6
06.29,0,567,142,6
06.30,7,574,152,7
07.01,17,591,162,7
07.02,14,605,166,7
07.03,12,617,173,7
07.04,8,625,176,7
07.05,73,698,181,8
07.06,18,716,181,8
07.07,18,734,197,9
07.08,53,787,201,9
07.09,98,885,206,9
07.10,41,926,306,12
07.11,16,942,320,13
07.12,40,982,320,18
07.13,3,985,328,18
07.14,49,1034,343,19
07.15,30,1064,343,20
07.16,25,1089,395,20
07.17,273,1362,425,23
07.18,58,1420,438,24
07.19,58,1478,439,25
07.20,133,1611,472,25
07.21,102,1713,472,26
07.22,107,1820,488,26
